0=4294967230,4294967164,4294967098,4294967032,4294966966,4294966900,4294966834,4294966768
5=1,2,3,4,5,6,7,8
10=2,4,6,8,10,12,14,16
15=3,6,9,12,15,18,21,24
20=4,8,12,16,20,24,28,32
25=5,10,15,20,25,30,35,40
30=6,12,18,24,30,36,42,48
35=7,14,21,28,35,42,49,56
40=8,16,24,32,40,48,56,64
45=9,18,27,36,45,54,63,72
50=10,20,30,40,50,60,70,80
55=11,22,33,44,55,66,77,88