0=4294967230,4294967164,4294967098,4294967032,4294966966,4294966900,4294966834,4294966768,4294966702,4294966636,4294966570
5=1,2,3,4,5,6,7,8,9,10,11
10=2,4,6,8,10,12,14,16,18,20,22
15=3,6,9,12,15,18,21,24,27,30,33
20=4,8,12,16,20,24,28,32,36,40,44
25=5,10,15,20,25,30,35,40,45,50,55
30=6,12,18,24,30,36,42,48,54,60,66
35=7,14,21,28,35,42,49,56,63,70,77
40=8,16,24,32,40,48,56,64,72,80,88
45=9,18,27,36,45,54,63,72,81,90,99
50=10,20,30,40,50,60,70,80,90,100,110
55=11,22,33,44,55,66,77,88,99,110,121